96 -0.0249 0.8580 88 0.1040 1.0925
98 -0.0491 0.8487 90 0.0709 1.0978
100 -0.0754 0.8407 92 0.0362 1.0908
102 -0.1005 0.8307 94 0.0000 1.0857
104 -0.1240 0.8174 96 -0.0324 1.0797
106 -0.1473 0.8001 98 -0.0635 1.0665
108 -0.1710 0.7823 100 -0.0988 1.0577
110 -0.1918 0.7655 102 -0.1296 1.0420
112 -0.2126 0.7459 104 -0.1595 1.0282
114 -0.2320 0.7280 106 -0.1889 1.0147
116 -0.2473 0.7019 108 -0.2150 0.9952
118 -0.2736 0.6808 110 -0.2460 0.9699
120 -0.2827 0.6608 112 -0.2720 0.9451
122 -0.2936 0.6343 114 -0.2979 0.9244
124 -0.3140 0.6196 116 -0.3214 0.8919
126 -0.3250 0.5940 118 -0.3500 0.8803
128 -0.3453 0.5806 120 -0.3647 0.8406
130 -0.3570 0.5606 122 -0.3819 0.8067
132 -0.3632 0.5340 124 -0.3948 0.7606
134 -0.4745 0.5833 126 -0.4084 0.7393
136 -0.7036 0.8625 128 -0.4254 0.7119
138 -0.7187 0.8205 130 -0.4364 0.6807
140 -0.7236 0.7782 132 -0.4393 0.6397
142 -0.6945 0.7037 134 -0.4447 0.6048
144 -0.6668 0.6368 136 -0.4506 0.5738
146 -0.6199 0.5606 138 -0.4554 0.5406
148 -0.5801 0.4876 139 -0.4577 0.5263
150 -0.5480 0.4282 140 -0.6035 0.6211
152 -0.5054 0.3712 141 -0.8598 0.8874
154 -0.4591 0.3185 142 -0.8551 0.8361
156 -0.4304 0.2789 144 -0.8528 0.8056
158 -0.4119 0.2464 146 -0.8350 0.7331
160 -0.4097 0.2227 148 -0.7880 0.6475
162 -0.4242 0.2058 150 -0.7257 0.5623
164 -0.5103 0.1948 152 -0.6568 0.4723
166 -0.6406 0.1565 154 -0.5944 0.3969
168 -0.6645 0.1043 156 -0.5630 0.3563
170 -0.5965 0.0741 158 -0.5360 0.3158
172 -0.4998 0.0626 160 -0.5355 0.2984
174 -0.3984 0.0614 162 -0.5320 0.2755
176 -0.3090 0.0661 164 -0.6027 0.2582
178 -0.1110 0.0744 166 -0.6611 0.1900
180 -0.0112 0.0715 168 -0.7289 0.1358
170 -0.7367 0.0835
172 -0.6253 0.0661
174 -0.5001 0.0594
176 -0.3772 0.0692
178 -0.1913 0.0800
180 0.0221 0.0714