NACA0018
Closed-jet Open-jet Reference tunnel
AOA Cl Cd AOA Cl Cd AOA Cl Cd
0 0.0137 0.0222 0 0.0074 0.0202 0 0.0227 0.0248
2 0.1859 0.0235 2 0.1275 0.0201 2 0.1619 0.0229
4 0.4023 0.0233 4 0.2614 0.0201 4 0.3585 0.0267
6 0.6575 0.0369 6 0.4150 0.0286 6 0.5624 0.0411
8 0.8460 0.0476 8 0.5647 0.0454 8 0.7675 0.0550
10 0.9341 0.0606 10 0.6917 0.0612 10 0.8825 0.0697
12 1.0076 0.0775 12 0.7964 0.0804 12 0.9443 0.0876
14 1.0556 0.1058 14 0.8655 0.0994 14 1.0030 0.1110
15 0.3904 0.2044 16 0.9165 0.1229 14.5 1.0144 0.1160
16 0.4427 0.2239 17 0.9367 0.1308 15 1.0245 0.1273
18 0.4933 0.2610 18 0.3206 0.2000 15.5 0.8050 0.1961
20 0.5626 0.3012 20 0.3384 0.2222 16 0.4259 0.2232
25 0.7456 0.4305 22 0.3697 0.2515 18 0.4951 0.2752
30 0.9369 0.5956 24 0.3987 0.2794 20 0.5704 0.3182
35 1.1473 0.8935 26 0.4278 0.3132 22 0.6093 0.3572
40 1.3445 1.2088 28 0.4646 0.3540 24 0.6445 0.3996
45 1.4435 1.4542 30 0.4991 0.3956 26 0.6780 0.4358
50 1.5086 1.7201 32 0.5415 0.4458 28 0.7278 0.4858
55 1.4719 2.0541 34 0.5872 0.5052 30 0.7718 0.5539
60 1.4308 2.3938 36 0.6308 0.5642 32 0.8208 0.6175
65 1.3414 2.6912 38 0.6726 0.6305 34 0.8575 0.6879
70 1.2014 2.9831 40 0.7099 0.6982 36 0.8676 0.7332
75 0.9923 3.1456 42 0.7212 0.7478 37 0.8785 0.7597
80 0.7624 3.2912 44 0.7399 0.8116 38 0.8758 0.7838
85 0.5063 3.3865 46 0.7465 0.8700 39 0.8331 0.7535
90 0.2307 3.4219 48 0.7502 0.9197 40 0.5473 0.5432
95 -0.0444 3.3854 50 0.3999 0.5472 42 0.5625 0.5877
100 -0.3123 3.2914 52 0.3877 0.5652 44 0.5585 0.6212
105 -0.5346 3.1315 54 0.3834 0.5902 46 0.5563 0.6533
110 -0.7741 2.9672 56 0.3725 0.6100 48 0.5532 0.6903
115 -0.9697 2.7345 58 0.3609 0.6279 50 0.5495 0.7315
120 -1.1054 2.4585 60 0.3504 0.6506 52 0.5464 0.7599
125 -1.1927 2.1576 62 0.3437 0.6774 54 0.5361 0.7918
130 -1.2378 1.8631 64 0.3289 0.7007 56 0.5275 0.8278
135 -1.2207 1.5435 66 0.3120 0.7101 58 0.5150 0.8576
140 -1.1547 1.2431 68 0.3052 0.7487 60 0.4996 0.8871
145 -1.0230 0.9459 70 0.2850 0.7539 62 0.4799 0.9126
150 -0.8198 0.6371 72 0.2642 0.7724 64 0.4602 0.9411
155 -0.6716 0.4444 74 0.2437 0.7847 66 0.4374 0.9639
160 -0.5864 0.3210 76 0.2250 0.8049 68 0.4140 0.9878
164 -0.5935 0.2488 78 0.2034 0.8211 70 0.3873 1.0039
166 -0.6637 0.2303 80 0.1793 0.8329 72 0.3617 1.0257
168 -0.7533 0.1910 82 0.1549 0.8426 74 0.3220 1.0405
170 -0.7848 0.1330 84 0.1314 0.8543 76 0.3035 1.0608
172 -0.7372 0.0868 86 0.1049 0.8587 78 0.2729 1.0705
174 -0.6151 0.0660 88 0.0798 0.8629 80 0.2405 1.0731
176 -0.4475 0.0576 90 0.0533 0.8670 82 0.2053 1.0800
178 -0.2885 0.0551 92 0.0278 0.8667 84 0.1720 1.0857
180 0.0354 0.0607 94 0.0023 0.8628 86 0.1362 1.0897
96 -0.0249 0.8580 88 0.1040 1.0925
98 -0.0491 0.8487 90 0.0709 1.0978
100 -0.0754 0.8407 92 0.0362 1.0908
102 -0.1005 0.8307 94 0.0000 1.0857
104 -0.1240 0.8174 96 -0.0324 1.0797
106 -0.1473 0.8001 98 -0.0635 1.0665
108 -0.1710 0.7823 100 -0.0988 1.0577
110 -0.1918 0.7655 102 -0.1296 1.0420
112 -0.2126 0.7459 104 -0.1595 1.0282
114 -0.2320 0.7280 106 -0.1889 1.0147
116 -0.2473 0.7019 108 -0.2150 0.9952
118 -0.2736 0.6808 110 -0.2460 0.9699
120 -0.2827 0.6608 112 -0.2720 0.9451
122 -0.2936 0.6343 114 -0.2979 0.9244
124 -0.3140 0.6196 116 -0.3214 0.8919
126 -0.3250 0.5940 118 -0.3500 0.8803
128 -0.3453 0.5806 120 -0.3647 0.8406
130 -0.3570 0.5606 122 -0.3819 0.8067
132 -0.3632 0.5340 124 -0.3948 0.7606
134 -0.4745 0.5833 126 -0.4084 0.7393
136 -0.7036 0.8625 128 -0.4254 0.7119
138 -0.7187 0.8205 130 -0.4364 0.6807
140 -0.7236 0.7782 132 -0.4393 0.6397
142 -0.6945 0.7037 134 -0.4447 0.6048
144 -0.6668 0.6368 136 -0.4506 0.5738
146 -0.6199 0.5606 138 -0.4554 0.5406
148 -0.5801 0.4876 139 -0.4577 0.5263
150 -0.5480 0.4282 140 -0.6035 0.6211
152 -0.5054 0.3712 141 -0.8598 0.8874
154 -0.4591 0.3185 142 -0.8551 0.8361
156 -0.4304 0.2789 144 -0.8528 0.8056
158 -0.4119 0.2464 146 -0.8350 0.7331
160 -0.4097 0.2227 148 -0.7880 0.6475
162 -0.4242 0.2058 150 -0.7257 0.5623
164 -0.5103 0.1948 152 -0.6568 0.4723
166 -0.6406 0.1565 154 -0.5944 0.3969
168 -0.6645 0.1043 156 -0.5630 0.3563
170 -0.5965 0.0741 158 -0.5360 0.3158
172 -0.4998 0.0626 160 -0.5355 0.2984
174 -0.3984 0.0614 162 -0.5320 0.2755
176 -0.3090 0.0661 164 -0.6027 0.2582
178 -0.1110 0.0744 166 -0.6611 0.1900
180 -0.0112 0.0715 168 -0.7289 0.1358
170 -0.7367 0.0835
172 -0.6253 0.0661
174 -0.5001 0.0594
176 -0.3772 0.0692
178 -0.1913 0.0800
180 0.0221 0.0714
