96 -0.0235 0.8345 88 0.1058 1.0975
98 -0.0479 0.8270 90 0.0699 1.0951
100 -0.0749 0.8215 92 0.0369 1.0915
102 -0.0978 0.8114 94 -0.0023 1.0885
104 -0.1268 0.8058 96 -0.0364 1.0790
106 -0.1485 0.7951 98 -0.0669 1.0706
108 -0.1744 0.7806 100 -0.1011 1.0641
110 -0.1893 0.7618 102 -0.1311 1.0561
112 -0.2121 0.7426 104 -0.1604 1.0298
114 -0.2334 0.7282 106 -0.1917 1.0127
116 -0.2515 0.7107 108 -0.2217 0.9943
118 -0.2616 0.6821 110 -0.2496 0.9796
120 -0.2786 0.6538 112 -0.2707 0.9326
122 -0.2895 0.6255 114 -0.2980 0.9151
124 -0.2999 0.5981 116 -0.3199 0.8991
126 -0.3128 0.5752 118 -0.3462 0.8682
128 -0.3293 0.5593 120 -0.3673 0.8423
130 -0.3502 0.5411 122 -0.3836 0.8082
132 -0.3609 0.5273 124 -0.3958 0.7706
134 -0.6366 0.8460 126 -0.4071 0.7312
136 -0.6669 0.8253 128 -0.4221 0.7044
138 -0.6748 0.7746 130 -0.4326 0.6738
140 -0.6783 0.7416 132 -0.4427 0.6447
142 -0.6591 0.6701 134 -0.4488 0.6127
144 -0.6287 0.6026 136 -0.4488 0.5698
146 -0.5859 0.5260 138 -0.4477 0.5207
148 -0.5403 0.4591 140 -0.4393 0.4926
150 -0.5185 0.4074 141 -0.8354 0.8734
152 -0.4785 0.3575 142 -0.8673 0.8646
154 -0.4407 0.3085 144 -0.8677 0.8123
156 -0.4208 0.2724 146 -0.8220 0.7299
158 -0.4041 0.2409 148 -0.7766 0.6413
160 -0.4022 0.2198 150 -0.7028 0.5445
162 -0.4269 0.2070 152 -0.6377 0.4608
164 -0.5323 0.1936 154 -0.5950 0.4011
166 -0.6035 0.1529 156 -0.5513 0.3278
168 -0.6237 0.0986 158 -0.5388 0.2818
170 -0.5664 0.0728 160 -0.5244 0.2630
172 -0.4711 0.0622 162 -0.5235 0.2497
174 -0.3671 0.0600 164 -0.5852 0.2306
176 -0.2698 0.0667 166 -0.6656 0.1982
178 -0.0854 0.0714 168 -0.7452 0.1279
180 -0.0218 0.0675 170 -0.6982 0.0785
172 -0.5911 0.0604
174 -0.4621 0.0573
176 -0.3446 0.0730
178 -0.1022 0.0780
180 0.0126 0.0794