NACA0018
Closed-jet Open-jet Reference tunnel
AOA Cl Cd AOA Cl Cd AOA Cl Cd
0 0.0409 0.0203 0 0.0074 0.0202 0 0.0067 0.0273
2 0.1988 0.0293 2 0.1275 0.0201 2 0.1814 0.0238
4 0.4422 0.0276 4 0.2614 0.0201 4 0.4001 0.0266
6 0.6491 0.0421 6 0.4150 0.0286 6 0.5989 0.0393
8 0.7795 0.0530 8 0.5647 0.0454 8 0.7489 0.0557
10 0.8784 0.0632 10 0.6917 0.0612 10 0.8477 0.0760
12 0.9538 0.0847 12 0.7964 0.0804 12 0.9335 0.0938
14 1.0019 0.1109 14 0.8655 0.0994 13 0.9603 0.1003
15 0.3698 0.2008 16 0.9165 0.1229 13.5 0.9736 0.1070
16 0.4280 0.2317 17 0.9367 0.1308 14 0.9808 0.1177
18 0.4655 0.2608 18 0.3206 0.2000 14.5 0.3995 0.1976
20 0.5521 0.2828 20 0.3384 0.2222 15 0.4146 0.2076
25 0.6952 0.3965 22 0.3697 0.2515 16 0.4117 0.2194
30 0.8417 0.5591 24 0.3987 0.2794 18 0.4852 0.2770
35 1.0072 0.8047 26 0.4278 0.3132 20 0.5300 0.3245
40 1.1955 1.0996 28 0.4646 0.3540 22 0.5884 0.3642
45 1.3288 1.3841 30 0.4991 0.3956 24 0.6338 0.3956
50 1.3649 1.6509 32 0.5415 0.4458 26 0.6699 0.4346
55 1.3543 1.9554 34 0.5872 0.5052 28 0.7227 0.4919
60 1.3022 2.2291 36 0.6308 0.5642 30 0.7781 0.5561
65 1.2088 2.4911 38 0.6726 0.6305 32 0.8145 0.6153
70 1.0814 2.7437 40 0.7099 0.6982 34 0.8549 0.6770
75 0.8837 2.8900 42 0.7212 0.7478 36 0.8735 0.7319
80 0.6636 3.0548 44 0.7399 0.8116 38 0.8853 0.7785
85 0.4337 3.1516 46 0.7465 0.8700 39 0.7276 0.6598
90 0.1855 3.1884 48 0.7502 0.9197 40 0.5675 0.5269
95 -0.0712 3.1806 50 0.3999 0.5472 42 0.5665 0.5667
100 -0.3213 3.0769 52 0.3877 0.5652 44 0.5607 0.6116
105 -0.5500 2.9683 54 0.3834 0.5902 46 0.5595 0.6439
110 -0.7590 2.7800 56 0.3725 0.6100 48 0.5571 0.6758
115 -0.9265 2.5459 58 0.3609 0.6279 50 0.5541 0.7232
120 -1.0536 2.2925 60 0.3504 0.6506 52 0.5475 0.7608
125 -1.1414 2.0339 62 0.3437 0.6774 54 0.5438 0.7994
130 -1.2081 1.7844 64 0.3289 0.7007 56 0.5227 0.8214
135 -1.1901 1.4838 66 0.3120 0.7101 58 0.5116 0.8546
140 -1.1329 1.2009 68 0.3052 0.7487 60 0.4982 0.8807
145 -0.9972 0.9042 70 0.2850 0.7539 62 0.4772 0.9057
150 -0.8078 0.6202 72 0.2642 0.7724 64 0.4570 0.9310
155 -0.5939 0.3901 74 0.2437 0.7847 66 0.4362 0.9582
160 -0.5147 0.2776 76 0.2250 0.8049 68 0.4131 0.9851
164 -0.5063 0.2221 78 0.2034 0.8211 70 0.3862 1.0010
166 -0.5698 0.2005 80 0.1793 0.8329 72 0.3632 1.0273
168 -0.6595 0.1591 82 0.1549 0.8426 74 0.3357 1.0486
170 -0.7224 0.1004 84 0.1314 0.8543 76 0.3067 1.0657
172 -0.6569 0.0551 86 0.1049 0.8587 78 0.2765 1.0730
174 -0.5340 0.0424 88 0.0798 0.8629 80 0.2387 1.0802
176 -0.3893 0.0494 90 0.0533 0.8670 82 0.2088 1.0872
178 -0.1919 0.0558 92 0.0258 0.8594 84 0.1741 1.0937
180 -0.0120 0.0688 94 0.0027 0.8417 86 0.1394 1.0921
96 -0.0235 0.8345 88 0.1058 1.0975
98 -0.0479 0.8270 90 0.0699 1.0951
100 -0.0749 0.8215 92 0.0369 1.0915
102 -0.0978 0.8114 94 -0.0023 1.0885
104 -0.1268 0.8058 96 -0.0364 1.0790
106 -0.1485 0.7951 98 -0.0669 1.0706
108 -0.1744 0.7806 100 -0.1011 1.0641
110 -0.1893 0.7618 102 -0.1311 1.0561
112 -0.2121 0.7426 104 -0.1604 1.0298
114 -0.2334 0.7282 106 -0.1917 1.0127
116 -0.2515 0.7107 108 -0.2217 0.9943
118 -0.2616 0.6821 110 -0.2496 0.9796
120 -0.2786 0.6538 112 -0.2707 0.9326
122 -0.2895 0.6255 114 -0.2980 0.9151
124 -0.2999 0.5981 116 -0.3199 0.8991
126 -0.3128 0.5752 118 -0.3462 0.8682
128 -0.3293 0.5593 120 -0.3673 0.8423
130 -0.3502 0.5411 122 -0.3836 0.8082
132 -0.3609 0.5273 124 -0.3958 0.7706
134 -0.6366 0.8460 126 -0.4071 0.7312
136 -0.6669 0.8253 128 -0.4221 0.7044
138 -0.6748 0.7746 130 -0.4326 0.6738
140 -0.6783 0.7416 132 -0.4427 0.6447
142 -0.6591 0.6701 134 -0.4488 0.6127
144 -0.6287 0.6026 136 -0.4488 0.5698
146 -0.5859 0.5260 138 -0.4477 0.5207
148 -0.5403 0.4591 140 -0.4393 0.4926
150 -0.5185 0.4074 141 -0.8354 0.8734
152 -0.4785 0.3575 142 -0.8673 0.8646
154 -0.4407 0.3085 144 -0.8677 0.8123
156 -0.4208 0.2724 146 -0.8220 0.7299
158 -0.4041 0.2409 148 -0.7766 0.6413
160 -0.4022 0.2198 150 -0.7028 0.5445
162 -0.4269 0.2070 152 -0.6377 0.4608
164 -0.5323 0.1936 154 -0.5950 0.4011
166 -0.6035 0.1529 156 -0.5513 0.3278
168 -0.6237 0.0986 158 -0.5388 0.2818
170 -0.5664 0.0728 160 -0.5244 0.2630
172 -0.4711 0.0622 162 -0.5235 0.2497
174 -0.3671 0.0600 164 -0.5852 0.2306
176 -0.2698 0.0667 166 -0.6656 0.1982
178 -0.0854 0.0714 168 -0.7452 0.1279
180 -0.0218 0.0675 170 -0.6982 0.0785
172 -0.5911 0.0604
174 -0.4621 0.0573
176 -0.3446 0.0730
178 -0.1022 0.0780
180 0.0126 0.0794
