96 -0.0250 0.8160 86 0.1419 1.0808
98 -0.0477 0.8043 88 0.1078 1.0937
100 -0.0688 0.7952 90 0.0660 1.0951
102 -0.0894 0.7884 92 0.0398 1.0957
104 -0.1154 0.7761 94 -0.0002 1.0754
106 -0.1397 0.7684 96 -0.0317 1.0711
108 -0.1596 0.7540 98 -0.0678 1.0620
110 -0.1863 0.7324 100 -0.0977 1.0505
112 -0.2116 0.7254 102 -0.1321 1.0258
114 -0.2223 0.7022 104 -0.1648 1.0200
116 -0.2432 0.6857 106 -0.1940 1.0044
118 -0.2596 0.6592 108 -0.2236 0.9826
120 -0.2739 0.6351 110 -0.2533 0.9584
122 -0.2803 0.6186 112 -0.2788 0.9376
124 -0.3084 0.5965 114 -0.3062 0.9241
126 -0.3165 0.5731 116 -0.3207 0.8873
128 -0.3314 0.5535 118 -0.3438 0.8470
130 -0.3531 0.5464 120 -0.3654 0.8266
132 -0.5996 0.8372 122 -0.3878 0.8013
134 -0.6151 0.8132 124 -0.3977 0.7603
136 -0.6363 0.7709 126 -0.4105 0.7342
138 -0.6399 0.7314 128 -0.4235 0.6974
140 -0.6420 0.6723 130 -0.4327 0.6607
142 -0.6263 0.6226 132 -0.4564 0.6548
144 -0.6131 0.5674 134 -0.4557 0.6138
146 -0.5838 0.5136 136 -0.4572 0.5651
148 -0.5318 0.4496 138 -0.4564 0.5408
150 -0.4969 0.3894 140 -0.4273 0.4808
152 -0.4464 0.3234 141 -0.8344 0.8487
154 -0.4155 0.2798 142 -0.8360 0.8180
156 -0.3879 0.2451 144 -0.8086 0.7691
158 -0.3702 0.2139 146 -0.7767 0.6900
160 -0.3839 0.1958 148 -0.7450 0.6166
162 -0.4091 0.1840 150 -0.6805 0.5262
164 -0.4683 0.1624 152 -0.5988 0.4294
166 -0.5516 0.1278 154 -0.5723 0.3671
168 -0.5721 0.0858 156 -0.5475 0.3479
170 -0.4982 0.0613 158 -0.5352 0.3022
172 -0.3897 0.0519 160 -0.5151 0.2627
174 -0.2650 0.0533 162 -0.5220 0.2573
176 -0.1621 0.0565 164 -0.5810 0.2327
178 -0.0829 0.0592 166 -0.6403 0.1939
180 -0.0269 0.0544 168 -0.6894 0.1242