0 0.0148 0.0202 0 -0.0082 0.0192 0 -0.0053 0.0295
2 0.3293 0.0382 2 0.2034 0.0343 2 0.2267 0.0312
4 0.5361 0.0366 4 0.3634 0.0392 4 0.4712 0.0387
6 0.6526 0.0392 6 0.4735 0.0529 6 0.6096 0.0643
8 0.7397 0.0522 8 0.5490 0.0633 8 0.7357 0.0663
10 0.8127 0.0631 10 0.6283 0.0754 10 0.7938 0.0821
11 0.8338 0.0712 12 0.7007 0.0779 11 0.8015 0.0975
12 0.3506 0.1466 14 0.7143 0.1071 11.5 0.8155 0.1078
14 0.4224 0.1918 15 0.2726 0.1651 12 0.7440 0.1305
16 0.4508 0.2269 16 0.2795 0.1754 12.5 0.5744 0.1333
18 0.4862 0.2466 18 0.2816 0.1858 13 0.4066 0.1636
20 0.5367 0.2852 20 0.3038 0.2104 14 0.3538 0.1814
25 0.6781 0.4067 22 0.3417 0.2350 16 0.3960 0.2149
30 0.8087 0.5642 24 0.3665 0.2608 18 0.4815 0.2459
35 0.9694 0.7562 26 0.3935 0.2906 20 0.5226 0.2844
40 1.1445 1.0520 28 0.4252 0.3232 22 0.5652 0.3256
45 1.2752 1.3568 30 0.4585 0.3612 24 0.5945 0.3766
50 1.3128 1.6271 32 0.4816 0.4025 26 0.6303 0.4146
55 1.3336 1.9371 34 0.5022 0.4453 28 0.6809 0.4686
60 1.3045 2.2338 36 0.5228 0.4961 30 0.7340 0.5353
65 1.1935 2.4527 38 0.5591 0.5491 32 0.7727 0.5989
70 1.0478 2.6663 40 0.5851 0.6050 34 0.8009 0.6515
75 0.8388 2.8144 42 0.6159 0.6504 36 0.8411 0.7123
80 0.6375 2.8714 44 0.6431 0.7234 37 0.8475 0.7377
85 0.4059 2.9237 46 0.6476 0.7866 38 0.8587 0.7703
90 0.1708 2.9638 48 0.6327 0.8374 39 0.5011 0.4943
95 -0.0642 2.9453 50 0.3723 0.5214 40 0.5299 0.5362
100 -0.2733 2.8620 52 0.3619 0.5406 42 0.5382 0.5908
105 -0.4848 2.7235 54 0.3544 0.5606 44 0.5486 0.5964
110 -0.6803 2.5104 56 0.3431 0.5806 46 0.5494 0.6350
115 -0.8547 2.3770 58 0.3267 0.6006 48 0.5496 0.6738
120 -0.9712 2.1391 60 0.3237 0.6206 50 0.5510 0.7072
125 -1.0493 1.8876 62 0.3099 0.6406 52 0.5307 0.7370
130 -1.1116 1.6462 64 0.2985 0.6606 54 0.5285 0.7607
135 -1.1084 1.3752 66 0.2782 0.6806 56 0.5178 0.8014
140 -1.0448 1.1016 68 0.2665 0.6950 58 0.5067 0.8384
145 -0.9402 0.8483 70 0.2569 0.7171 60 0.4943 0.8583
150 -0.7329 0.5600 72 0.2391 0.7306 62 0.4826 0.9061
155 -0.6474 0.4157 74 0.2209 0.7416 64 0.4528 0.9113
160 -0.5476 0.2866 76 0.1974 0.7546 66 0.4365 0.9512
164 -0.5611 0.2227 78 0.1817 0.7706 68 0.4109 0.9685
166 -0.5887 0.1876 80 0.1597 0.7850 70 0.3896 0.9956
168 -0.6362 0.1408 82 0.1392 0.8000 72 0.3603 1.0194
170 -0.6436 0.0779 84 0.1091 0.8061 74 0.3313 1.0363
172 -0.5745 0.0449 86 0.0892 0.8191 76 0.3000 1.0449
174 -0.4564 0.0375 88 0.0697 0.8251 78 0.2719 1.0604
176 -0.2854 0.0473 90 0.0551 0.8261 80 0.2360 1.0651
178 -0.0863 0.0669 92 0.0263 0.8229 82 0.2117 1.0772
180 -0.0221 0.0673 94 0.0012 0.8164 84 0.1822 1.0791
